{
  "analysis_id": "a5d338b7",
  "timestamp": "2025-08-21T03:44:31.495463",
  "config": {
    "security_level": "enhanced",
    "validation_enabled": true
  },
  "data_integrity": {
    "expression_fingerprint": "73aa40716b119194968f43e28f67393d465a19f7265a55e29340dc54391232fa",
    "coordinates_fingerprint": "bb75969b3f6cae4e31711bd1961e7db1101e5e8d313bbeb4fca352581267864a"
  },
  "validation_results": {
    "timestamp": "2025-08-21T03:44:31.163221",
    "validations": [
      "Expression matrix shape: (1000, 2000)",
      "Coordinates shape: (1000, 2)",
      "Value range - Expression: [0.000, 72.000]",
      "Value range - X coordinates: [0.299, 999.583]",
      "Value range - Y coordinates: [0.526, 998.232]",
      "Mean expression per cell: 23328.655",
      "Mean expression per gene: 11664.327"
    ],
    "overall_status": "passed",
    "warnings": [],
    "errors": []
  },
  "memory_usage": {
    "before_mb": 52.44921875,
    "after_mb": 97.15234375,
    "delta_mb": 44.703125
  },
  "analysis_results": {
    "n_cells": 1000,
    "n_genes": 2000,
    "cell_types": {
      "predictions": [
        "Macrophage",
        "Macrophage",
        "T_cell",
        "B_cell",
        "T_cell",
        "B_cell",
        "Macrophage",
        "B_cell",
        "T_cell",
        "B_cell",
        "Macrophage",
        "T_cell",
        "B_cell",
        "T_cell",
        "Macrophage",
        "T_cell",
        "T_cell",
        "Macrophage",
        "Macrophage",
        "Macrophage",
        "B_cell",
        "Macrophage",
        "T_cell",
        "Macrophage",
        "Macrophage",
        "Macrophage",
        "Macrophage",
        "T_cell",
        "B_cell",
        "Macrophage",
        "T_cell",
        "T_cell",
        "Macrophage",
        "B_cell",
        "T_cell",
        "T_cell",
        "T_cell",
        "B_cell",
        "B_cell",
        "T_cell",
        "Macrophage",
        "Macrophage",
        "B_cell",
        "Macrophage",
        "Macrophage",
        "Macrophage",
        "Macrophage",
        "T_cell",
        "T_cell",
        "B_cell",
        "T_cell",
        "B_cell",
        "T_cell",
        "T_cell",
        "T_cell",
        "B_cell",
        "B_cell",
        "T_cell",
        "T_cell",
        "B_cell",
        "Macrophage",
        "Macrophage",
        "B_cell",
        "Macrophage",
        "T_cell",
        "Macrophage",
        "Macrophage",
        "Macrophage",
        "T_cell",
        "T_cell",
        "T_cell",
        "Macrophage",
        "T_cell",
        "T_cell",
        "B_cell",
        "T_cell",
        "T_cell",
        "B_cell",
        "Macrophage",
        "B_cell",
        "T_cell",
        "T_cell",
        "B_cell",
        "T_cell",
        "Macrophage",
        "B_cell",
        "T_cell",
        "Macrophage",
        "B_cell",
        "Macrophage",
        "T_cell",
        "T_cell",
        "B_cell",
        "B_cell",
        "T_cell",
        "T_cell",
        "B_cell",
        "T_cell",
        "T_cell",
        "Macrophage",
        "B_cell",
        "B_cell",
        "Macrophage",
        "T_cell",
        "Macrophage",
        "Macrophage",
        "Macrophage",
        "T_cell",
        "T_cell",
        "B_cell",
        "Macrophage",
        "B_cell",
        "Macrophage",
        "Macrophage",
        "T_cell",
        "T_cell",
        "B_cell",
        "Macrophage",
        "B_cell",
        "T_cell",
        "Macrophage",
        "Macrophage",
        "Macrophage",
        "T_cell",
        "T_cell",
        "T_cell",
        "T_cell",
        "Macrophage",
        "B_cell",
        "B_cell",
        "B_cell",
        "Macrophage",
        "Macrophage",
        "Macrophage",
        "B_cell",
        "Macrophage",
        "Macrophage",
        "T_cell",
        "Macrophage",
        "B_cell",
        "Macrophage",
        "Macrophage",
        "Macrophage",
        "T_cell",
        "T_cell",
        "Macrophage",
        "B_cell",
        "Macrophage",
        "B_cell",
        "B_cell",
        "B_cell",
        "T_cell",
        "Macrophage",
        "T_cell",
        "T_cell",
        "Macrophage",
        "B_cell",
        "B_cell",
        "Macrophage",
        "B_cell",
        "Macrophage",
        "B_cell",
        "T_cell",
        "Macrophage",
        "B_cell",
        "B_cell",
        "T_cell",
        "B_cell",
        "T_cell",
        "T_cell",
        "Macrophage",
        "T_cell",
        "Macrophage",
        "Macrophage",
        "B_cell",
        "T_cell",
        "Macrophage",
        "B_cell",
        "Macrophage",
        "T_cell",
        "Macrophage",
        "Macrophage",
        "T_cell",
        "T_cell",
        "Macrophage",
        "T_cell",
        "T_cell",
        "B_cell",
        "B_cell",
        "Macrophage",
        "B_cell",
        "B_cell",
        "Macrophage",
        "Macrophage",
        "T_cell",
        "B_cell",
        "B_cell",
        "T_cell",
        "T_cell",
        "Macrophage",
        "T_cell",
        "B_cell",
        "B_cell",
        "B_cell",
        "T_cell",
        "Macrophage",
        "T_cell",
        "Macrophage",
        "T_cell",
        "Macrophage",
        "Macrophage",
        "Macrophage",
        "T_cell",
        "Macrophage",
        "Macrophage",
        "Macrophage",
        "Macrophage",
        "T_cell",
        "B_cell",
        "Macrophage",
        "B_cell",
        "T_cell",
        "B_cell",
        "B_cell",
        "T_cell",
        "B_cell",
        "T_cell",
        "Macrophage",
        "Macrophage",
        "B_cell",
        "T_cell",
        "Macrophage",
        "T_cell",
        "B_cell",
        "Macrophage",
        "T_cell",
        "Macrophage",
        "Macrophage",
        "B_cell",
        "T_cell",
        "Macrophage",
        "Macrophage",
        "B_cell",
        "B_cell",
        "T_cell",
        "T_cell",
        "T_cell",
        "T_cell",
        "B_cell",
        "B_cell",
        "T_cell",
        "B_cell",
        "Macrophage",
        "B_cell",
        "T_cell",
        "T_cell",
        "T_cell",
        "Macrophage",
        "Macrophage",
        "T_cell",
        "Macrophage",
        "T_cell",
        "Macrophage",
        "T_cell",
        "B_cell",
        "B_cell",
        "B_cell",
        "T_cell",
        "B_cell",
        "Macrophage",
        "B_cell",
        "B_cell",
        "Macrophage",
        "B_cell",
        "Macrophage",
        "Macrophage",
        "Macrophage",
        "B_cell",
        "B_cell",
        "T_cell",
        "B_cell",
        "T_cell",
        "T_cell",
        "T_cell",
        "Macrophage",
        "Macrophage",
        "T_cell",
        "T_cell",
        "Macrophage",
        "Macrophage",
        "T_cell",
        "T_cell",
        "Macrophage",
        "B_cell",
        "T_cell",
        "B_cell",
        "Macrophage",
        "Macrophage",
        "Macrophage",
        "B_cell",
        "Macrophage",
        "Macrophage",
        "T_cell",
        "B_cell",
        "T_cell",
        "Macrophage",
        "T_cell",
        "T_cell",
        "T_cell",
        "B_cell",
        "T_cell",
        "Macrophage",
        "T_cell",
        "T_cell",
        "Macrophage",
        "B_cell",
        "B_cell",
        "Macrophage",
        "T_cell",
        "T_cell",
        "B_cell",
        "T_cell",
        "T_cell",
        "Macrophage",
        "T_cell",
        "Macrophage",
        "Macrophage",
        "T_cell",
        "B_cell",
        "T_cell",
        "T_cell",
        "B_cell",
        "Macrophage",
        "T_cell",
        "B_cell",
        "T_cell",
        "T_cell",
        "T_cell",
        "T_cell",
        "Macrophage",
        "B_cell",
        "Macrophage",
        "T_cell",
        "T_cell",
        "Macrophage",
        "B_cell",
        "B_cell",
        "B_cell",
        "B_cell",
        "T_cell",
        "B_cell",
        "T_cell",
        "B_cell",
        "B_cell",
        "T_cell",
        "B_cell",
        "B_cell",
        "T_cell",
        "T_cell",
        "T_cell",
        "T_cell",
        "Macrophage",
        "B_cell",
        "B_cell",
        "T_cell",
        "T_cell",
        "T_cell",
        "Macrophage",
        "Macrophage",
        "T_cell",
        "Macrophage",
        "Macrophage",
        "T_cell",
        "T_cell",
        "B_cell",
        "T_cell",
        "B_cell",
        "B_cell",
        "Macrophage",
        "B_cell",
        "Macrophage",
        "B_cell",
        "T_cell",
        "T_cell",
        "B_cell",
        "Macrophage",
        "T_cell",
        "Macrophage",
        "Macrophage",
        "T_cell",
        "T_cell",
        "B_cell",
        "T_cell",
        "B_cell",
        "Macrophage",
        "Macrophage",
        "B_cell",
        "T_cell",
        "B_cell",
        "T_cell",
        "Macrophage",
        "B_cell",
        "B_cell",
        "Macrophage",
        "Macrophage",
        "T_cell",
        "T_cell",
        "T_cell",
        "Macrophage",
        "T_cell",
        "Macrophage",
        "Macrophage",
        "Macrophage",
        "T_cell",
        "Macrophage",
        "Macrophage",
        "Macrophage",
        "B_cell",
        "B_cell",
        "Macrophage",
        "T_cell",
        "T_cell",
        "B_cell",
        "B_cell",
        "T_cell",
        "B_cell",
        "T_cell",
        "B_cell",
        "B_cell",
        "T_cell",
        "B_cell",
        "T_cell",
        "Macrophage",
        "T_cell",
        "B_cell",
        "B_cell",
        "T_cell",
        "T_cell",
        "Macrophage",
        "Macrophage",
        "T_cell",
        "T_cell",
        "Macrophage",
        "B_cell",
        "B_cell",
        "B_cell",
        "T_cell",
        "T_cell",
        "Macrophage",
        "T_cell",
        "T_cell",
        "T_cell",
        "Macrophage",
        "B_cell",
        "Macrophage",
        "T_cell",
        "B_cell",
        "Macrophage",
        "Macrophage",
        "T_cell",
        "B_cell",
        "T_cell",
        "B_cell",
        "Macrophage",
        "T_cell",
        "T_cell",
        "Macrophage",
        "T_cell",
        "T_cell",
        "B_cell",
        "B_cell",
        "B_cell",
        "B_cell",
        "B_cell",
        "T_cell",
        "B_cell",
        "Macrophage",
        "T_cell",
        "Macrophage",
        "T_cell",
        "B_cell",
        "B_cell",
        "T_cell",
        "T_cell",
        "T_cell",
        "B_cell",
        "T_cell",
        "B_cell",
        "Macrophage",
        "T_cell",
        "T_cell",
        "T_cell",
        "B_cell",
        "Macrophage",
        "B_cell",
        "B_cell",
        "B_cell",
        "Macrophage",
        "B_cell",
        "Macrophage",
        "Macrophage",
        "T_cell",
        "Macrophage",
        "T_cell",
        "B_cell",
        "B_cell",
        "T_cell",
        "B_cell",
        "B_cell",
        "T_cell",
        "Macrophage",
        "T_cell",
        "B_cell",
        "Macrophage",
        "Macrophage",
        "B_cell",
        "Macrophage",
        "T_cell",
        "Macrophage",
        "T_cell",
        "T_cell",
        "B_cell",
        "Macrophage",
        "B_cell",
        "Macrophage",
        "B_cell",
        "T_cell",
        "T_cell",
        "T_cell",
        "T_cell",
        "B_cell",
        "B_cell",
        "T_cell",
        "Macrophage",
        "T_cell",
        "B_cell",
        "Macrophage",
        "B_cell",
        "B_cell",
        "T_cell",
        "T_cell",
        "T_cell",
        "B_cell",
        "T_cell",
        "Macrophage",
        "Macrophage",
        "B_cell",
        "B_cell",
        "B_cell",
        "Macrophage",
        "Macrophage",
        "Macrophage",
        "B_cell",
        "B_cell",
        "Macrophage",
        "T_cell",
        "B_cell",
        "Macrophage",
        "T_cell",
        "B_cell",
        "B_cell",
        "Macrophage",
        "Macrophage",
        "B_cell",
        "T_cell",
        "Macrophage",
        "T_cell",
        "T_cell",
        "T_cell",
        "T_cell",
        "T_cell",
        "Macrophage",
        "B_cell",
        "Macrophage",
        "T_cell",
        "T_cell",
        "T_cell",
        "T_cell",
        "Macrophage",
        "T_cell",
        "Macrophage",
        "B_cell",
        "B_cell",
        "T_cell",
        "T_cell",
        "T_cell",
        "T_cell",
        "B_cell",
        "T_cell",
        "T_cell",
        "Macrophage",
        "Macrophage",
        "B_cell",
        "Macrophage",
        "Macrophage",
        "Macrophage",
        "Macrophage",
        "T_cell",
        "T_cell",
        "T_cell",
        "T_cell",
        "B_cell",
        "Macrophage",
        "B_cell",
        "T_cell",
        "Macrophage",
        "T_cell",
        "B_cell",
        "Macrophage",
        "Macrophage",
        "B_cell",
        "T_cell",
        "Macrophage",
        "B_cell",
        "B_cell",
        "T_cell",
        "B_cell",
        "Macrophage",
        "T_cell",
        "Macrophage",
        "T_cell",
        "T_cell",
        "Macrophage",
        "T_cell",
        "T_cell",
        "T_cell",
        "Macrophage",
        "B_cell",
        "T_cell",
        "Macrophage",
        "B_cell",
        "B_cell",
        "B_cell",
        "B_cell",
        "T_cell",
        "Macrophage",
        "B_cell",
        "T_cell",
        "B_cell",
        "Macrophage",
        "T_cell",
        "B_cell",
        "B_cell",
        "B_cell",
        "Macrophage",
        "B_cell",
        "Macrophage",
        "T_cell",
        "T_cell",
        "B_cell",
        "B_cell",
        "B_cell",
        "B_cell",
        "Macrophage",
        "B_cell",
        "T_cell",
        "Macrophage",
        "B_cell",
        "B_cell",
        "B_cell",
        "B_cell",
        "Macrophage",
        "Macrophage",
        "B_cell",
        "Macrophage",
        "Macrophage",
        "B_cell",
        "T_cell",
        "Macrophage",
        "T_cell",
        "Macrophage",
        "T_cell",
        "B_cell",
        "Macrophage",
        "T_cell",
        "T_cell",
        "B_cell",
        "T_cell",
        "B_cell",
        "Macrophage",
        "Macrophage",
        "B_cell",
        "T_cell",
        "B_cell",
        "T_cell",
        "T_cell",
        "Macrophage",
        "T_cell",
        "T_cell",
        "B_cell",
        "B_cell",
        "T_cell",
        "B_cell",
        "T_cell",
        "T_cell",
        "T_cell",
        "B_cell",
        "T_cell",
        "B_cell",
        "Macrophage",
        "B_cell",
        "B_cell",
        "B_cell",
        "B_cell",
        "T_cell",
        "B_cell",
        "Macrophage",
        "Macrophage",
        "T_cell",
        "B_cell",
        "T_cell",
        "T_cell",
        "Macrophage",
        "B_cell",
        "Macrophage",
        "T_cell",
        "B_cell",
        "Macrophage",
        "T_cell",
        "T_cell",
        "B_cell",
        "Macrophage",
        "Macrophage",
        "Macrophage",
        "B_cell",
        "B_cell",
        "B_cell",
        "Macrophage",
        "Macrophage",
        "B_cell",
        "T_cell",
        "T_cell",
        "B_cell",
        "B_cell",
        "B_cell",
        "T_cell",
        "B_cell",
        "B_cell",
        "Macrophage",
        "Macrophage",
        "B_cell",
        "B_cell",
        "T_cell",
        "Macrophage",
        "Macrophage",
        "B_cell",
        "T_cell",
        "Macrophage",
        "T_cell",
        "T_cell",
        "T_cell",
        "T_cell",
        "Macrophage",
        "B_cell",
        "T_cell",
        "Macrophage",
        "T_cell",
        "Macrophage",
        "B_cell",
        "B_cell",
        "B_cell",
        "B_cell",
        "T_cell",
        "T_cell",
        "B_cell",
        "T_cell",
        "Macrophage",
        "T_cell",
        "Macrophage",
        "T_cell",
        "B_cell",
        "B_cell",
        "B_cell",
        "T_cell",
        "Macrophage",
        "Macrophage",
        "T_cell",
        "T_cell",
        "B_cell",
        "Macrophage",
        "Macrophage",
        "B_cell",
        "Macrophage",
        "T_cell",
        "Macrophage",
        "B_cell",
        "Macrophage",
        "B_cell",
        "Macrophage",
        "Macrophage",
        "B_cell",
        "Macrophage",
        "Macrophage",
        "Macrophage",
        "Macrophage",
        "T_cell",
        "T_cell",
        "T_cell",
        "T_cell",
        "T_cell",
        "Macrophage",
        "T_cell",
        "B_cell",
        "B_cell",
        "T_cell",
        "T_cell",
        "B_cell",
        "Macrophage",
        "B_cell",
        "Macrophage",
        "B_cell",
        "T_cell",
        "B_cell",
        "T_cell",
        "B_cell",
        "B_cell",
        "T_cell",
        "T_cell",
        "Macrophage",
        "Macrophage",
        "B_cell",
        "T_cell",
        "Macrophage",
        "T_cell",
        "Macrophage",
        "Macrophage",
        "B_cell",
        "T_cell",
        "T_cell",
        "Macrophage",
        "Macrophage",
        "B_cell",
        "B_cell",
        "B_cell",
        "B_cell",
        "Macrophage",
        "Macrophage",
        "T_cell",
        "Macrophage",
        "B_cell",
        "Macrophage",
        "Macrophage",
        "Macrophage",
        "B_cell",
        "T_cell",
        "T_cell",
        "Macrophage",
        "Macrophage",
        "B_cell",
        "B_cell",
        "B_cell",
        "B_cell",
        "B_cell",
        "T_cell",
        "B_cell",
        "B_cell",
        "T_cell",
        "B_cell",
        "B_cell",
        "B_cell",
        "T_cell",
        "B_cell",
        "T_cell",
        "T_cell",
        "Macrophage",
        "Macrophage",
        "Macrophage",
        "Macrophage",
        "Macrophage",
        "B_cell",
        "T_cell",
        "Macrophage",
        "T_cell",
        "T_cell",
        "B_cell",
        "Macrophage",
        "Macrophage",
        "Macrophage",
        "Macrophage",
        "Macrophage",
        "Macrophage",
        "T_cell",
        "B_cell",
        "Macrophage",
        "Macrophage",
        "Macrophage",
        "T_cell",
        "B_cell",
        "B_cell",
        "Macrophage",
        "T_cell",
        "T_cell",
        "B_cell",
        "B_cell",
        "T_cell",
        "Macrophage",
        "T_cell",
        "Macrophage",
        "Macrophage",
        "B_cell",
        "Macrophage",
        "Macrophage",
        "T_cell",
        "Macrophage",
        "Macrophage",
        "B_cell",
        "Macrophage",
        "Macrophage",
        "Macrophage",
        "T_cell",
        "B_cell",
        "Macrophage",
        "Macrophage",
        "Macrophage",
        "Macrophage",
        "T_cell",
        "B_cell",
        "T_cell",
        "B_cell",
        "B_cell",
        "T_cell",
        "B_cell",
        "B_cell",
        "Macrophage",
        "T_cell",
        "B_cell",
        "Macrophage",
        "T_cell",
        "Macrophage",
        "T_cell",
        "T_cell",
        "T_cell",
        "Macrophage",
        "T_cell",
        "Macrophage",
        "T_cell",
        "B_cell",
        "B_cell",
        "Macrophage",
        "B_cell",
        "B_cell",
        "Macrophage",
        "Macrophage",
        "B_cell",
        "B_cell",
        "B_cell",
        "T_cell",
        "Macrophage",
        "T_cell",
        "T_cell",
        "Macrophage",
        "Macrophage",
        "B_cell",
        "T_cell",
        "T_cell",
        "Macrophage",
        "T_cell",
        "Macrophage",
        "B_cell",
        "T_cell",
        "B_cell",
        "Macrophage",
        "B_cell",
        "B_cell",
        "T_cell",
        "T_cell",
        "B_cell",
        "Macrophage",
        "Macrophage",
        "B_cell",
        "Macrophage",
        "Macrophage",
        "B_cell",
        "Macrophage",
        "B_cell",
        "T_cell",
        "Macrophage",
        "T_cell",
        "T_cell",
        "B_cell",
        "T_cell",
        "T_cell",
        "B_cell",
        "T_cell",
        "B_cell",
        "B_cell",
        "T_cell",
        "T_cell",
        "T_cell",
        "T_cell",
        "B_cell",
        "T_cell",
        "Macrophage",
        "Macrophage",
        "Macrophage",
        "T_cell",
        "T_cell",
        "B_cell",
        "B_cell",
        "B_cell"
      ],
      "confidence_scores": [
        [
          0.332506656412842,
          0.18390712005313792,
          0.4835862235340201
        ],
        [
          0.3405814474700465,
          0.3139042702286295,
          0.34551428230132397
        ],
        [
          0.4087214458307832,
          0.3314094088581613,
          0.2598691453110555
        ],
        [
          0.3356512147748213,
          0.3516109515605797,
          0.3127378336645991
        ],
        [
          0.42481185327681875,
          0.15323109897688156,
          0.42195704774629955
        ],
        [
          0.2908061820299349,
          0.37424427143744915,
          0.3349495465326159
        ],
        [
          0.34098435351003564,
          0.2684999057168671,
          0.3905157407730972
        ],
        [
          0.31324843160123195,
          0.3967053548358244,
          0.2900462135629436
        ],
        [
          0.3847160633280951,
          0.3404728046948632,
          0.2748111319770417
        ],
        [
          0.32077955312585515,
          0.3632388896782409,
          0.315981557195904
        ],
        [
          0.19283232095265235,
          0.3627946375359392,
          0.44437304151140844
        ],
        [
          0.4012453076794875,
          0.35620163738708205,
          0.24255305493343052
        ],
        [
          0.3657330055347762,
          0.38584416862153287,
          0.24842282584369088
        ],
        [
          0.4680200032051435,
          0.14520048061056107,
          0.38677951618429535
        ],
        [
          0.26596880873728584,
          0.24655659064970678,
          0.48747460061300735
        ],
        [
          0.46564066539500587,
          0.33773586823815865,
          0.19662346636683545
        ],
        [
          0.46524443249372033,
          0.329678961493855,
          0.20507660601242453
        ],
        [
          0.3745462256016968,
          0.19955280433112496,
          0.4259009700671782
        ],
        [
          0.19744838375873947,
          0.20619742706990576,
          0.5963541891713547
        ],
        [
          0.40061780889998155,
          0.1709288997001595,
          0.42845329139985894
        ],
        [
          0.24868590140058028,
          0.38960154350306697,
          0.36171255509635275
        ],
        [
          0.19830956223516835,
          0.2811197743060004,
          0.5205706634588312
        ],
        [
          0.3651905831825326,
          0.3347289602108403,
          0.3000804566066271
        ],
        [
          0.39816210867240276,
          0.19966146058580814,
          0.40217643074178905
        ],
        [
          0.2865242140153798,
          0.2534995018532645,
          0.4599762841313556
        ],
        [
          0.2680525429455094,
          0.25528055442250114,
          0.47666690263198946
        ],
        [
          0.32692859600560253,
          0.32544317492154756,
          0.34762822907284996
        ],
        [
          0.5082193507953717,
          0.28890688208542575,
          0.20287376711920263
        ],
        [
          0.2644899551297262,
          0.44191535289348693,
          0.293594691976787
        ],
        [
          0.33353055402767795,
          0.32725277257766094,
          0.33921667339466105
        ],
        [
          0.4478985270280256,
          0.3080303608976814,
          0.24407111207429308
        ],
        [
          0.39532744195348374,
          0.23650980466390087,
          0.3681627533826153
        ],
        [
          0.19773514098461778,
          0.3808044953430826,
          0.4214603636722996
        ],
        [
          0.24000421131630326,
          0.41520486383340566,
          0.34479092485029106
        ],
        [
          0.5024302410021882,
          0.2629220030060016,
          0.23464775599181018
        ],
        [
          0.48677685683779787,
          0.2544273656944175,
          0.25879577746778465
        ],
        [
          0.45291416436565446,
          0.1550214811230324,
          0.3920643545113132
        ],
        [
          0.3286434654544803,
          0.464756217585526,
          0.2066003169599938
        ],
        [
          0.23196808917881018,
          0.40081295236569314,
          0.36721895845549674
        ],
        [
          0.41918410925205635,
          0.27852931113630464,
          0.30228657961163896
        ],
        [
          0.2249317280967487,
          0.2851625362522944,
          0.48990573565095696
        ],
        [
          0.33013134052098486,
          0.2790986143661692,
          0.3907700451128459
        ],
        [
          0.303285371630164,
          0.36385085000375283,
          0.33286377836608316
        ],
        [
          0.26175644468228687,
          0.35248825769347636,
          0.3857552976242369
        ],
        [
          0.41657881428840615,
          0.1621888450472412,
          0.4212323406643527
        ],
        [
          0.25917536081630044,
          0.32577669317274516,
          0.4150479460109544
        ],
        [
          0.2733909598429395,
          0.22764998476895243,
          0.4989590553881081
        ],
        [
          0.44351639312685254,
          0.34969713101727434,
          0.2067864758558732
        ],
        [
          0.4584594836809188,
          0.2867147262297214,
          0.25482579008935985
        ],
        [
          0.2940882631678689,
          0.41719698443141856,
          0.28871475240071254
        ],
        [
          0.4826540567205996,
          0.209230090827717,
          0.3081158524516834
        ],
        [
          0.32827995520198366,
          0.34003628813372105,
          0.33168375666429534
        ],
        [
          0.45245846174707377,
          0.24428779724810842,
          0.30325374100481783
        ],
        [
          0.3880134759061806,
          0.35892206064293036,
          0.2530644634508889
        ],
        [
          0.44206370262363404,
          0.16477246506869575,
          0.3931638323076702
        ],
        [
          0.3476564637021367,
          0.4538255806720012,
          0.19851795562586216
        ],
        [
          0.19301254235074297,
          0.47934115762343565,
          0.32764630002582135
        ],
        [
          0.3846779959073536,
          0.25464948471353605,
          0.36067251937911043
        ],
        [
          0.41600437980259153,
          0.40387727096938275,
          0.18011834922802566
        ],
        [
          0.3016961017377761,
          0.4836842097217641,
          0.2146196885404599
        ],
        [
          0.1519835206386492,
          0.388339669983191,
          0.4596768093781597
        ],
        [
          0.3378974013514455,
          0.3240471925696732,
          0.3380554060788812
        ],
        [
          0.3603889521290087,
          0.48699732396318895,
          0.15261372390780223
        ],
        [
          0.27545677249706735,
          0.2603027232446738,
          0.46424050425825886
        ],
        [
          0.46223346415021077,
          0.28077701994069276,
          0.2569895159090964
        ],
        [
          0.4016218847644088,
          0.17983232901429616,
          0.4185457862212951
        ],
        [
          0.3298244828492716,
          0.327074123558123,
          0.3431013935926054
        ],
        [
          0.3335626013616668,
          0.27126884879692964,
          0.39516854984140365
        ],
        [
          0.45183981680212454,
          0.36578956349715747,
          0.18237061970071794
        ],
        [
          0.37093718596953984,
          0.2801676920194816,
          0.34889512201097844
        ],
        [
          0.44670923347318336,
          0.39240360408228475,
          0.1608871624445319
        ],
        [
          0.24584592424690008,
          0.2669401618106621,
          0.48721391394243774
        ],
        [
          0.43905508439420987,
          0.28572019811457455,
          0.27522471749121563
        ],
        [
          0.39362619257895015,
          0.21394472604799553,
          0.39242908137305443
        ],
        [
          0.3110251595013786,
          0.4164160988217154,
          0.272558741676906
        ],
        [
          0.47898357946482156,
          0.1921300777460882,
          0.3288863427890902
        ],
        [
          0.36373495009702256,
          0.33417042235599526,
          0.3020946275469822
        ],
        [
          0.31506217823539356,
          0.3530437719109203,
          0.33189404985368615
        ],
        [
          0.2135486839043052,
          0.23506447149916876,
          0.5513868445965261
        ],
        [
          0.3395343589228053,
          0.43144727178502323,
          0.22901836929217154
        ],
        [
          0.5311955852044649,
          0.18804355378740514,
          0.2807608610081301
        ],
        [
          0.4415556189731542,
          0.3392859206012415,
          0.21915846042560425
        ],
        [
          0.30989315908649284,
          0.3638711205544004,
          0.32623572035910675
        ],
        [
          0.39420448554037757,
          0.3640168085617679,
          0.2417787058978546
        ],
        [
          0.2954591374858199,
          0.30341002962932945,
          0.40113083288485063
        ],
        [
          0.33172886259612516,
          0.34759610624597226,
          0.32067503115790247
        ],
        [
          0.4320814578877595,
          0.34025049242796646,
          0.22766804968427398
        ],
        [
          0.32123472336350384,
          0.21826287941861383,
          0.46050239721788233
        ],
        [
          0.3214125598560041,
          0.4302976348852604,
          0.24828980525873556
        ],
        [
          0.19460413448742644,
          0.3948020046298589,
          0.41059386088271455
        ],
        [
          0.4602825961869276,
          0.2888492257925034,
          0.25086817802056904
        ],
        [
          0.3722383440357248,
          0.2646111426498369,
          0.3631505133144383
        ],
        [
          0.29877869620297715,
          0.39008828826485675,
          0.3111330155321661
        ],
        [
          0.23255091405347456,
          0.43400942649203345,
          0.333439659454492
        ],
        [
          0.4321177892792072,
          0.19579758611880102,
          0.37208462460199176
        ],
        [
          0.48347913386015146,
          0.2882394202875879,
          0.22828144585226068
        ],
        [
          0.2851603053282395,
          0.47888259507771175,
          0.2359570995940488
        ],
        [
          0.3723460609654789,
          0.36503152774000097,
          0.2626224112945201
        ],
        [
          0.40224896709610647,
          0.25916013804962296,
          0.3385908948542706
        ],
        [
          0.3448211217653426,
          0.2449938720110531,
          0.4101850062236043
        ],
        [
          0.3836801959161736,
          0.3928895654239579,
          0.2234302386598686
        ],
        [
          0.2583911387486664,
          0.38588696152345825,
          0.3557218997278752
        ],
        [
          0.33113428739041123,
          0.20645425255760852,
          0.46241146005198025
        ],
        [
          0.4530042881246599,
          0.27264209105757287,
          0.2743536208177672
        ],
        [
          0.1580172073197203,
          0.3888184625653783,
          0.4531643301149015
        ],
        [
          0.23942471091556583,
          0.3024769097089649,
          0.4580983793754692
        ],
        [
          0.34567670681189777,
          0.2858731882936146,
          0.36845010489448765
        ],
        [
          0.3983280303977678,
          0.22804063403083308,
          0.37363133557139916
        ],
        [
          0.46119088773938105,
          0.24733736459851052,
          0.29147174766210837
        ],
        [
          0.2057569560672583,
          0.5028078469801929,
          0.2914351969525489
        ],
        [
          0.2658661738695079,
          0.23734869475737067,
          0.4967851313731214
        ],
        [
          0.195522758226681,
          0.4895432792885994,
          0.31493396248471955
        ],
        [
          0.36817357435780207,
          0.2306462484923451,
          0.40118017714985277
        ],
        [
          0.28781593180656595,
          0.3062992998020477,
          0.4058847683913864
        ],
        [
          0.37604701732535634,
          0.2892372327747966,
          0.334715749899847
        ],
        [
          0.39072803189944144,
          0.3592319928750318,
          0.25003997522552684
        ],
        [
          0.3560139101990822,
          0.39781010225870905,
          0.2461759875422088
        ],
        [
          0.36585255628609087,
          0.21050677630302894,
          0.4236406674108803
        ],
        [
          0.3338385031172952,
          0.45652931652253315,
          0.2096321803601717
        ],
        [
          0.4187199884845084,
          0.3263808878342424,
          0.2548991236812492
        ],
        [
          0.2664026569079695,
          0.3623513332321072,
          0.37124600985992334
        ],
        [
          0.36483950582348507,
          0.15957144073201796,
          0.4755890534444969
        ],
        [
          0.29626894370079193,
          0.31861469535510384,
          0.38511636094410423
        ],
        [
          0.455137675345631,
          0.3009889856399266,
          0.24387333901444258
        ],
        [
          0.3991344728029573,
          0.24801247821834801,
          0.3528530489786946
        ],
        [
          0.40466228601998133,
          0.28956026634627274,
          0.30577744763374587
        ],
        [
          0.42550577341061374,
          0.2726039805245135,
          0.3018902460648728
        ],
        [
          0.1849080934941264,
          0.37739737015131813,
          0.43769453635455546
        ],
        [
          0.3068423295453473,
          0.42615010855708446,
          0.2670075618975682
        ],
        [
          0.29668838357963645,
          0.35274097981723723,
          0.35057063660312626
        ],
        [
          0.28317542778426646,
          0.485362806816925,
          0.23146176539880856
        ],
        [
          0.25953062375381664,
          0.24411613491971396,
          0.49635324132646946
        ],
        [
          0.3274394696774158,
          0.2496809830401078,
          0.42287954728247645
        ],
        [
          0.32028224199161354,
          0.32867556478028115,
          0.3510421932281053
        ],
        [
          0.2373348163729722,
          0.4932441586874211,
          0.26942102493960673
        ],
        [
          0.22805354450426815,
          0.32739496628640713,
          0.4445514892093247
        ],
        [
          0.29289720858203255,
          0.25682313402087575,
          0.45027965739709164
        ],
        [
          0.442099011354596,
          0.28114819722985784,
          0.27675279141554615
        ],
        [
          0.326982667019537,
          0.30467521165963035,
          0.36834212132083277
        ],
        [
          0.2140424544921313,
          0.40788334609036525,
          0.3780741994175033
        ],
        [
          0.21663236870593974,
          0.35651140253710994,
          0.42685622875695023
        ],
        [
          0.36224886650086235,
          0.26156596066182247,
          0.3761851728373152
        ],
        [
          0.3137978767393537,
          0.22898020895752658,
          0.4572219143031197
        ],
        [
          0.45051724452069725,
          0.3170814699086639,
          0.23240128557063872
        ],
        [
          0.3764811422862354,
          0.3632531027357601,
          0.2602657549780046
        ],
        [
          0.253412470457021,
          0.34259434993097626,
          0.4039931796120029
        ],
        [
          0.30383259641086713,
          0.36267027490898757,
          0.33349712868014536
        ],
        [
          0.2810715412256134,
          0.31049387360786934,
          0.40843458516651726
        ],
        [
          0.2809928617905597,
          0.4548169381368487,
          0.26419020007259164
        ],
        [
          0.2830846968086349,
          0.4630847110805109,
          0.2538305921108542
        ],
        [
          0.3763524945518977,
          0.4712535685749305,
          0.15239393687317182
        ],
        [
          0.4234558460938223,
          0.24152173165363672,
          0.3350224222525409
        ],
        [
          0.32241237027232544,
          0.28071621716130096,
          0.3968714125663735
        ],
        [
          0.39898947623493186,
          0.30476369772384926,
          0.2962468260412189
        ],
        [
          0.5242279542500157,
          0.2974805263522286,
          0.17829151939775564
        ],
        [
          0.2813048137291315,
          0.28130489787538204,
          0.43739028839548655
        ],
        [
          0.19131993577523923,
          0.59130688878707,
          0.21737317543769072
        ],
        [
          0.307517690764228,
          0.4964837984102391,
          0.19599851082553288
        ],
        [
          0.24860822584833392,
          0.3710047792891271,
          0.38038699486253896
        ],
        [
          0.22443982384929334,
          0.4301312037464999,
          0.3454289724042068
        ],
        [
          0.17247173530802332,
          0.403030295200526,
          0.42449796949145063
        ],
        [
          0.22244813904055166,
          0.41207241567239977,
          0.3654794452870486
        ],
        [
          0.4608112418322903,
          0.3236553503768249,
          0.2155334077908848
        ],
        [
          0.3485395366288432,
          0.28484930561227667,
          0.36661115775888026
        ],
        [
          0.28491636832493084,
          0.5048956943517345,
          0.21018793732333468
        ],
        [
          0.37825615790204925,
          0.3870677996897709,
          0.23467604240817994
        ],
        [
          0.3576351310847524,
          0.30482039343916456,
          0.337544475476083
        ],
        [
          0.21216636917285933,
          0.4163483677685048,
          0.3714852630586359
        ],
        [
          0.5524533837338569,
          0.20590306463908142,
          0.24164355162706164
        ],
        [
          0.36310589877681965,
          0.3101877975457475,
          0.3267063036774328
        ],
        [
          0.2193171956631035,
          0.18773454792130967,
          0.5929482564155869
        ],
        [
          0.3891078334615618,
          0.22655079850532767,
          0.3843413680331106
        ],
        [
          0.35493893072341015,
          0.27119336297381297,
          0.3738677063027768
        ],
        [
          0.16186846213893769,
          0.3857788027405258,
          0.45235273512053653
        ],
        [
          0.3135731560673966,
          0.36100772761323024,
          0.32541911631937315
        ],
        [
          0.38746058817227796,
